0,0,4,6404,162,1.0,0.0,0.0,0.35,0.25,0.05
1,5,4,6429,163,1.0,0.0,0.0,0.3,0.25,-0.1
2,9,4,6469,164,1.0,0.0,0.0,0.35,0.25,-0.05
3,14,4,6494,165,1.0,0.0,0.0,0.35,0.25,0.2
4,19,4,6538,166,1.0,0.0,0.0,0.3,0.25,0.0
5,23,4,6570,167,1.0,0.0,0.0,0.3,0.25,0.0
6,28,4,6595,168,1.0,0.0,0.0,0.25,0.25,-0.1
7,33,4,6630,168,1.0,0.0,0.0,0.25,0.25,-0.05
8,37,4,6654,169,1.0,0.0,0.0,0.3,0.25,0.05
9,42,4,6684,170,1.0,0.0,0.0,0.3,0.25,0.1
10,47,4,6718,171,1.0,0.0,0.0,0.35,0.2,0.25
11,52,4,6743,172,1.0,0.0,0.0,0.4,0.2,0.2
12,56,4,6775,172,1.0,0.0,0.0,0.4,0.2,0.1
13,61,4,6797,173,1.0,0.0,0.0,0.45,0.2,0.25
14,66,4,6818,174,1.0,0.0,0.0,0.45,0.2,0.3
15,71,4,6845,174,1.0,0.0,0.0,0.4,0.2,0.15
16,76,4,6879,175,1.0,0.0,0.0,0.4,0.2,0.1
17,81,4,6892,176,1.0,0.0,0.0,0.4,0.2,0.15
18,86,4,6919,176,1.0,0.0,0.0,0.4,0.2,0.3
19,90,4,6942,177,1.0,0.0,0.0,0.4,0.15,0.25
20,95,4,6956,177,1.0,0.0,0.0,0.4,0.15,0.35
21,100,4,6976,178,1.0,0.0,0.0,0.4,0.15,0.4
22,105,4,6997,178,1.0,0.0,0.0,0.35,0.15,0.45
23,110,4,7009,179,1.0,0.0,0.0,0.35,0.15,0.5
24,115,4,7051,179,1.0,0.0,0.0,0.25,0.15,0.0
25,120,5,7467,180,1.0,0.0,1.0,0.2,-0.1,-0.05
26,125,5,7460,179,1.0,0.0,0.7999998,0.2,-0.05,0.0
27,130,5,6921,180,1.0,0.0,0.0,0.15,0.2,-0.05
28,135,5,6078,180,1.0,0.0,0.0,0.15,0.2,0.0
29,140,5,5751,181,1.0,0.0,0.0,0.1,0.1,0.0
30,145,5,5751,182,1.0,0.0,0.0,0.1,0.15,0.0
31,150,5,5768,182,1.0,0.0,0.0,0.05,0.15,0.0
32,155,5,5783,182,1.0,0.0,0.0,0.05,0.15,0.0
33,160,5,5790,183,1.0,0.0,0.0,0.0,0.15,0.05
34,165,5,5809,183,1.0,0.0,0.0,-0.1,0.15,0.0
35,171,5,5830,184,1.0,0.0,0.0,-0.15,0.15,-0.05
36,176,5,5836,184,1.0,0.0,0.0,-0.25,0.15,0.05
37,181,5,5852,185,1.0,0.0,0.0,-0.3,0.15,-0.05
38,186,5,5870,185,1.0,0.0,0.0,-0.3,0.1,0.0
39,191,5,5883,186,1.0,0.0,0.0,-0.35,0.1,-0.05
40,196,5,5890,186,1.0,0.0,0.0,-0.4,0.1,0.0
41,202,5,5906,186,1.0,0.0,0.0,-0.4,0.1,0.0
42,207,5,5921,187,1.0,0.0,0.0,-0.4,0.1,-0.05
43,212,5,5926,187,1.0,0.0,0.0,-0.45,0.1,0.05
44,217,5,5937,188,1.0,0.0,0.0,-0.45,0.1,0.0
45,222,5,5956,188,1.0,0.0,0.0,-0.45,0.1,-0.05
46,228,5,5960,188,1.0,0.0,0.0,-0.45,0.1,0.0
47,233,5,5967,189,1.0,0.0,0.0,-0.5,0.1,0.05
48,238,5,5988,189,1.0,0.0,0.0,-0.45,0.15,-0.05
49,244,5,5997,189,1.0,0.0,0.0,-0.5,0.1,0.0
50,249,5,6002,190,1.0,0.0,0.0,-0.5,0.1,0.0
51,254,5,6015,190,1.0,0.0,0.0,-0.55,0.1,0.0
52,260,5,6040,190,1.0,0.0,0.0,-0.55,0.1,-0.1
53,265,5,6036,191,1.0,0.0,0.0,-0.55,0.1,0.05
54,270,5,6045,191,1.0,0.0,0.0,-0.6,0.1,0.05
55,276,5,6060,191,1.0,0.0,0.0,-0.6,0.1,0.0
56,281,5,6049,192,1.0,0.0,0.0,-0.75,0.1,0.5
57,286,5,6047,192,1.0,0.0,0.0,-0.8,0.1,0.65
58,292,5,6055,192,1.0,0.0,0.0,-0.75,0.05,0.55
59,297,5,6063,192,1.0,0.0,0.0,-0.7,0.05,0.5
60,302,5,6070,192,1.0,0.0,0.0,-0.65,0.05,0.5
61,308,5,6073,192,1.0,0.0,0.0,-0.55,0.05,0.4
62,313,5,6081,192,1.0,0.0,0.0,-0.5,0.05,0.4
63,318,5,6090,193,1.0,0.0,0.0,-0.45,0.05,0.3
64,324,5,6093,193,1.0,0.0,0.0,-0.35,0.05,0.3
65,329,5,6095,193,1.0,0.0,0.0,-0.35,0.05,0.3
66,334,5,6107,193,1.0,0.0,0.0,-0.3,0.05,0.2
67,340,5,6107,193,1.0,0.0,0.0,-0.25,0.05,0.2
68,345,5,6108,193,1.0,0.0,0.0,-0.25,0.05,0.2
69,351,5,6122,193,1.0,0.0,0.0,-0.2,0.0,0.1
70,356,5,6036,193,1.0,0.26611733,0.0,-0.15,-0.2,0.15
71,361,5,5780,191,0.5611048,0.67833984,0.0,-0.1,-0.75,0.1
72,367,5,5521,188,0.13638514,0.9408255,0.0,-0.05,-1.15,-0.05
73,372,5,5396,183,0.0,1.0,0.0,0.05,-1.3,-0.05
74,377,4,5127,179,0.0,1.0,1.0,0.1,-1.3,0.0
75,382,4,5770,174,0.0,1.0,0.19999984,0.15,-1.4,-0.1
76,386,4,6128,169,0.0,0.97555506,0.0,0.15,-1.3,-0.2
77,391,3,5695,165,0.0,0.89944303,1.0,0.3,-1.15,-0.15
78,396,3,6262,161,0.0,0.8408331,0.19999984,0.2,-1.1,-0.05
79,400,3,6987,158,0.0,0.77582973,0.0,0.15,-0.9,-0.4
80,404,3,6664,155,0.0,0.76945144,0.0,0.25,-1.05,-0.35
81,409,3,6438,151,0.0,0.76945144,0.0,0.25,-0.85,-0.4
82,413,3,6437,147,0.0,0.80833143,0.0,0.3,-0.95,-0.35
83,417,3,6497,144,0.0,0.8452735,0.0,0.35,-0.95,-0.35
84,421,2,6401,140,0.0,0.8605478,1.0,0.4,-0.9,-0.3
85,425,2,6086,136,0.0,0.90611124,0.7999998,0.4,-1.1,-0.15
86,428,2,7063,132,0.0,0.9624933,0.0,0.25,-1.15,-0.1
87,432,2,6730,128,0.0,0.9799954,0.0,0.25,-1.15,-0.1
88,435,2,7472,124,0.0,0.9822232,0.0,0.45,-1.25,0.0
89,439,2,7261,120,0.0,0.9236133,0.0,0.45,-1.15,-0.05
90,442,2,7053,116,0.0,0.83222705,0.0,0.5,-1.05,-0.1
91,445,2,6847,112,0.0,0.80389106,0.0,0.55,-1.0,-0.1
92,448,2,6639,109,0.0,0.7802701,0.0,0.65,-1.0,-0.05
93,451,2,6446,105,0.0,0.723888,0.0,0.75,-0.9,-0.05
94,454,2,6210,102,0.0,0.7063859,0.0,0.8,-0.9,-0.05
95,457,2,5979,99,0.0,0.66082245,0.0,0.8,-0.85,-0.1
96,460,2,5784,96,0.0,0.6216678,0.0,0.85,-0.8,-0.1
97,463,2,5646,93,0.0,0.5499962,0.0,0.9,-0.75,-0.1
98,465,2,5518,90,0.0,0.46666667,0.0,0.9,-0.8,-0.1
99,468,2,5374,87,0.0,0.41832608,0.0,0.8,-0.8,-0.1
100,471,2,5247,84,0.0,0.3588922,0.0,0.85,-0.8,0.0
101,473,2,5050,81,0.0,0.3233387,0.0,1.0,-0.65,-0.05
102,476,2,4906,79,0.0,0.2616617,0.0,1.2,-0.45,0.0
103,478,2,4814,77,0.0,0.20888075,0.0,1.1,-0.35,-0.1
104,480,2,4726,75,0.061387043,0.14499122,0.0,1.3,-0.35,0.05
105,483,2,4712,73,0.23971923,0.07222095,0.0,1.3,-0.2,0.05
106,485,2,4701,72,0.38971543,0.028336003,0.0,1.35,-0.1,0.1
107,487,2,4748,72,0.6369421,0.0,0.0,1.4,0.0,0.15
108,489,2,4770,71,0.7108263,0.0,0.0,1.35,0.05,0.1
109,491,2,4777,71,0.7844358,0.0,0.0,1.3,0.1,0.05
110,493,2,4794,71,0.8411078,0.0,0.0,1.3,0.1,0.05
111,496,2,4813,71,0.8691692,0.0,0.0,1.3,0.15,0.1
112,498,2,4846,71,0.9341573,0.0,0.0,1.3,0.15,0.1
113,500,2,4900,71,0.99972534,0.0,0.0,1.35,0.2,0.1
114,502,2,4906,72,1.0,0.0,0.0,1.35,0.2,0.15
115,504,2,4932,72,1.0,0.0,0.0,1.4,0.2,0.2
116,506,2,5004,72,1.0,0.0,0.0,1.35,0.25,0.15
117,508,2,5003,73,1.0,0.0,0.0,1.3,0.25,0.1
118,510,2,5043,73,1.0,0.0,0.0,1.35,0.25,0.1
119,512,2,5064,74,1.0,0.0,0.0,1.4,0.25,0.15
120,514,2,5085,74,1.0,0.0,0.0,1.45,0.25,0.2
121,516,2,5123,74,1.0,0.0,0.0,1.45,0.25,0.25
122,518,2,5149,75,1.0,0.0,0.0,1.35,0.2,0.1
123,520,2,5314,75,1.0,0.0,0.0,1.2,0.3,0.0
124,522,2,5395,76,1.0,0.0,0.0,1.0,0.3,-0.15
125,524,2,5458,76,1.0,0.0,0.0,1.0,0.35,-0.15
126,526,2,5407,77,1.0,0.0,0.0,1.1,0.35,-0.05
127,528,2,5433,78,1.0,0.0,0.0,1.05,0.35,-0.05
128,530,2,5462,79,1.0,0.0,0.0,1.1,0.4,-0.05
129,532,2,5511,80,1.0,0.0,0.0,1.1,0.35,0.0
130,534,2,5571,81,1.0,0.0,0.0,1.1,0.35,0.0
131,536,2,5642,82,1.0,0.0,0.0,1.1,0.35,0.05
132,538,2,5710,83,1.0,0.0,0.0,1.1,0.35,0.05
133,540,2,5815,84,1.0,0.0,0.0,1.05,0.35,0.0
134,543,2,5853,85,1.0,0.0,0.0,1.0,0.4,-0.05
135,545,2,5922,86,1.0,0.0,0.0,1.0,0.4,0.0
136,547,2,5972,87,1.0,0.0,0.0,1.0,0.4,0.0
137,549,2,6058,88,1.0,0.0,0.0,1.0,0.4,0.0
138,552,2,6113,89,1.0,0.0,0.0,0.95,0.4,0.0
139,554,2,6170,90,1.0,0.0,0.0,1.0,0.35,0.0
140,557,2,6261,91,1.0,0.0,0.0,0.95,0.35,0.0
141,559,2,6308,92,1.0,0.0,0.0,0.95,0.35,0.0
142,562,2,6387,93,1.0,0.0,0.0,0.95,0.35,0.0
143,564,2,6443,94,1.0,0.0,0.0,0.95,0.35,0.0
144,567,2,6514,95,1.0,0.0,0.0,0.95,0.35,0.0
145,569,2,6600,96,1.0,0.0,0.0,0.9,0.35,-0.05
146,572,2,6668,97,1.0,0.0,0.0,0.9,0.35,-0.05
147,575,2,6767,98,1.0,0.0,0.0,0.9,0.35,-0.1
148,577,2,6835,99,1.0,0.0,0.0,0.9,0.3,-0.15
149,580,2,6959,100,1.0,0.0,0.0,0.85,0.35,-0.2
150,583,2,6899,101,1.0,0.0,0.0,1.05,0.35,-0.05
151,585,3,7478,101,1.0,0.0,1.0,1.1,-0.05,0.0
152,588,3,7440,101,1.0,0.0,0.5999998,1.05,0.1,-0.05
153,591,3,6742,102,1.0,0.0,0.0,1.05,0.45,0.0
154,594,3,5959,103,1.0,0.0,0.0,1.1,0.45,0.05
155,597,3,5346,104,1.0,0.0,0.0,1.25,0.45,0.3
156,600,3,5446,105,1.0,0.0,0.0,0.8,0.25,-0.1
157,602,3,5914,105,1.0,0.0,0.0,0.45,0.2,-0.35
158,605,3,5587,107,1.0,0.0,0.0,0.4,0.25,-0.5
159,608,3,5645,108,1.0,0.0,0.0,0.4,0.4,-0.1
160,611,3,5624,109,1.0,0.0,0.0,0.05,0.4,0.1
161,615,3,5650,110,1.0,0.0,0.0,-0.2,0.3,0.15
162,618,3,5776,111,1.0,0.0,0.0,-0.25,0.4,-0.1
163,621,3,5793,112,1.0,0.0,0.0,-0.5,0.3,0.55
164,624,3,5810,113,1.0,0.0,0.0,-0.7,0.2,0.35
165,627,3,6021,114,1.0,0.0,0.0,-0.75,0.2,0.05
166,630,3,5912,114,1.0,0.0,0.0,-0.85,0.3,-0.2
167,633,3,6350,115,1.0,0.0,0.0,-0.55,0.15,-0.5
168,637,3,6985,115,1.0,0.0,0.0,-0.3,0.15,-0.7
169,640,3,6786,116,1.0,0.0,0.0,-1.05,0.45,0.1
170,643,3,6248,117,1.0,0.0,0.0,-1.1,0.3,-0.05
171,646,3,6312,117,1.0,0.0,0.0,-0.95,0.25,-0.2
172,649,3,6033,117,1.0,0.0,0.0,-1.45,0.3,0.25
173,653,3,6106,118,1.0,0.0,0.0,-1.35,0.25,0.2
174,656,3,6220,118,1.0,0.0,0.0,-1.05,0.3,-0.1
175,659,3,6402,118,1.0,0.0,0.0,-0.65,0.15,-0.45
176,663,3,6661,118,1.0,0.0,0.0,-1.0,0.3,-0.05
177,666,3,6221,119,1.0,0.0,0.0,-1.25,0.25,0.05
178,670,3,6358,119,1.0,0.0,0.0,-0.8,0.2,-0.35
179,673,3,6576,119,1.0,0.0,0.0,-1.2,0.3,0.1
180,676,3,6181,120,1.0,0.0,0.0,-1.35,0.2,0.15
181,680,3,6440,120,1.0,0.0,0.0,-0.75,0.2,-0.35
182,683,3,6444,120,1.0,0.0,0.0,-1.05,0.3,-0.1
183,686,3,6485,121,1.0,0.0,0.0,-0.9,0.25,-0.2
184,689,3,6514,121,1.0,0.0,0.0,-0.9,0.3,-0.2
185,693,3,6512,122,1.0,0.0,0.0,-0.85,0.3,-0.15
186,696,3,6396,123,1.0,0.0,0.0,-1.0,0.3,0.0
187,700,3,6405,124,1.0,0.0,0.0,-1.0,0.3,0.05
188,703,3,6439,124,1.0,0.0,0.0,-0.9,0.3,0.1
189,706,3,6470,125,1.0,0.0,0.0,-1.1,0.4,-0.05
190,710,3,6677,125,1.0,0.0,0.0,-0.4,0.5,0.1
191,713,3,7007,126,1.0,0.0,0.0,0.0,0.1,-0.6
192,717,3,7378,126,1.0,0.0,0.0,0.1,0.25,0.45
193,720,3,6677,128,1.0,0.0,0.0,0.35,0.45,0.2
194,724,3,6767,128,1.0,0.0,0.0,0.35,0.2,-0.25
195,728,3,7455,129,1.0,0.0,0.0,0.1,0.15,-0.65
196,731,3,7162,129,1.0,0.0,0.0,0.95,0.25,1.3
197,735,3,6801,130,1.0,0.0,0.0,0.4,0.4,0.2
198,739,3,6877,131,1.0,0.0,0.0,0.25,0.2,-0.6
199,742,3,6936,132,1.0,0.0,0.0,0.4,0.3,-0.5
200,746,3,7084,133,1.0,0.0,0.0,0.6,0.25,-0.4
201,750,3,7077,133,1.0,0.0,0.0,1.25,0.35,0.45
202,754,3,6843,134,1.0,0.0,0.0,1.1,0.2,0.5
203,757,3,6952,135,1.0,0.0,0.0,0.9,0.25,-0.05
204,761,3,6996,135,1.0,0.0,0.0,0.8,0.25,-0.1
205,765,3,6986,136,1.0,0.0,0.0,0.85,0.25,0.05
206,769,3,7052,137,1.0,0.0,0.0,0.7,0.25,-0.05
207,772,4,7479,137,1.0,0.0,1.0,0.65,-0.05,-0.1
208,776,4,7322,137,1.0,0.0,0.19999984,0.65,0.25,0.05
209,780,4,6416,138,1.0,0.0,0.0,0.55,0.35,-0.05
210,784,4,5720,139,1.0,0.0,0.0,0.55,0.35,-0.05
211,788,4,5536,140,1.0,0.0,0.0,0.55,0.25,0.0
212,792,4,5568,141,1.0,0.0,0.0,0.55,0.25,0.0
213,796,4,5601,142,1.0,0.0,0.0,0.5,0.25,0.0
214,800,4,5627,142,1.0,0.0,0.0,0.6,0.25,0.25
215,804,4,5657,143,1.0,0.0,0.0,0.55,0.25,0.05
216,808,4,5682,144,1.0,0.0,0.0,0.55,0.25,0.15
217,812,4,5714,145,1.0,0.0,0.0,0.45,0.25,0.1
218,816,4,5740,146,1.0,0.0,0.0,0.4,0.25,0.1
219,820,4,5780,147,1.0,0.0,0.0,0.3,0.25,0.0
220,824,4,5815,147,1.0,0.0,0.0,0.25,0.25,-0.1
221,828,4,5849,148,1.0,0.0,0.0,0.2,0.25,0.0
222,832,4,5892,149,1.0,0.0,0.0,0.15,0.25,-0.05
223,836,4,5934,150,1.0,0.0,0.0,0.15,0.25,-0.05
224,840,4,5949,151,1.0,0.0,0.0,0.1,0.25,0.15
225,844,4,5977,152,1.0,0.0,0.0,0.1,0.2,0.15
226,849,4,5995,152,1.0,0.0,0.0,0.05,0.25,0.05
227,853,4,6062,153,1.0,0.0,0.0,0.05,0.2,-0.05
228,857,4,6076,154,1.0,0.0,0.0,0.05,0.2,0.2
229,861,4,6117,155,1.0,0.0,0.0,0.0,0.2,-0.05
230,866,4,6129,155,1.0,0.0,0.0,0.0,0.2,0.1
231,870,4,6181,156,1.0,0.0,0.0,0.0,0.2,-0.15
232,874,4,6200,157,1.0,0.0,0.0,0.0,0.2,-0.15
233,879,4,6229,158,1.0,0.0,0.0,0.0,0.2,-0.1
234,883,4,6259,158,1.0,0.0,0.0,-0.05,0.2,-0.05
235,888,4,6284,159,1.0,0.0,0.0,-0.05,0.2,-0.1
236,892,4,6307,160,1.0,0.0,0.0,-0.05,0.2,-0.05
237,897,4,6348,161,1.0,0.0,0.0,-0.05,0.2,-0.05
238,901,4,6370,162,1.0,0.0,0.0,-0.05,0.2,-0.05
239,905,4,6397,162,1.0,0.0,0.0,-0.1,0.2,-0.05
240,910,4,6423,163,1.0,0.0,0.0,-0.1,0.2,0.05
241,915,4,6452,164,1.0,0.0,0.0,-0.1,0.2,0.05
242,919,4,6478,164,1.0,0.0,0.0,-0.05,0.2,-0.05
243,924,4,6506,165,1.0,0.0,0.0,-0.05,0.2,0.1
244,928,4,6538,166,1.0,0.0,0.0,-0.05,0.2,0.0
245,933,4,6556,167,1.0,0.0,0.0,-0.05,0.2,0.1
246,938,4,6587,167,1.0,0.0,0.0,-0.05,0.2,0.05
247,942,4,6612,168,1.0,0.0,0.0,-0.05,0.2,0.1
248,947,4,6634,169,1.0,0.0,0.0,-0.05,0.2,0.15
249,952,4,6659,169,1.0,0.0,0.0,-0.05,0.2,0.15
250,956,4,6689,170,1.0,0.0,0.0,-0.05,0.2,0.1
251,961,4,6706,171,1.0,0.0,0.0,-0.05,0.15,0.25
252,966,4,6731,171,1.0,0.0,0.0,0.0,0.15,0.15
253,971,4,6749,172,1.0,0.0,0.0,0.0,0.15,0.25
254,975,4,6779,172,1.0,0.0,0.0,0.0,0.15,0.1
255,980,4,6799,173,1.0,0.0,0.0,0.0,0.15,-0.05
256,985,4,6830,173,1.0,0.0,0.0,0.0,0.15,-0.1
257,990,4,6839,174,1.0,0.0,0.0,0.0,0.15,0.05
258,995,4,6873,174,1.0,0.0,0.0,0.0,0.15,-0.1
259,999,4,6877,175,1.0,0.0,0.0,0.0,0.15,0.05
260,1004,4,6902,175,1.0,0.0,0.0,0.0,0.15,0.05
261,1009,4,6944,176,1.0,0.0,0.0,0.0,0.15,-0.15
262,1014,4,6941,177,1.0,0.0,0.0,0.0,0.15,0.05
263,1019,4,6959,177,1.0,0.0,0.0,0.0,0.15,0.15
264,1024,4,7003,178,1.0,0.0,0.0,0.0,0.15,-0.2
265,1029,4,6997,178,1.0,0.0,0.0,0.0,0.15,0.05
266,1034,4,7027,179,1.0,0.0,0.0,0.0,0.15,0.0
267,1039,4,7041,179,1.0,0.0,0.0,0.0,0.15,0.05
268,1044,4,7061,179,1.0,0.0,0.0,0.0,0.15,0.0
269,1049,4,7082,180,1.0,0.0,0.0,0.0,0.15,-0.05
270,1054,4,7095,180,1.0,0.0,0.0,0.0,0.15,0.05
271,1059,5,7479,180,1.0,0.0,1.0,0.0,-0.1,0.05
272,1064,5,7325,180,1.0,0.0,0.19999984,0.0,0.15,0.05
273,1069,5,6427,181,1.0,0.0,0.0,0.0,0.2,-0.05
274,1074,5,5744,182,1.0,0.0,0.0,0.0,0.2,0.0
275,1079,5,5780,182,1.0,0.0,0.0,0.0,0.15,0.05
276,1084,5,5786,183,1.0,0.0,0.0,0.0,0.15,0.0
277,1089,5,5811,183,1.0,0.0,0.0,0.0,0.15,-0.05
278,1094,5,5820,184,1.0,0.0,0.0,0.0,0.15,0.05
279,1099,5,5843,184,1.0,0.0,0.0,0.0,0.15,-0.1
280,1104,5,5872,185,1.0,0.0,0.0,0.0,0.1,-0.25
281,1109,5,5916,185,1.0,0.0,0.0,0.0,0.15,-0.5
282,1115,5,5909,186,1.0,0.0,0.0,0.0,0.15,-0.45
283,1120,5,5926,186,1.0,0.0,0.0,0.0,0.15,-0.35
284,1125,5,5939,187,1.0,0.0,0.0,0.0,0.15,-0.3
285,1130,5,5944,187,1.0,0.0,0.0,0.0,0.15,-0.25
286,1135,5,5966,188,1.0,0.0,0.0,0.0,0.15,-0.3
287,1141,5,5982,188,1.0,0.0,0.0,0.0,0.2,-0.25
288,1146,5,6006,189,1.0,0.0,0.0,0.0,0.2,-0.2
289,1151,5,6014,190,1.0,0.0,0.0,0.0,0.2,-0.15
290,1156,5,6036,190,1.0,0.0,0.0,0.0,0.2,-0.15
291,1162,5,6048,191,1.0,0.0,0.0,0.0,0.2,-0.05
292,1167,5,6077,192,1.0,0.0,0.0,0.0,0.2,-0.15
293,1172,5,6087,192,1.0,0.0,0.0,0.0,0.2,0.05
294,1178,5,6115,193,1.0,0.0,0.0,0.0,0.2,-0.05
295,1183,5,6122,193,1.0,0.0,0.0,0.0,0.15,0.1
296,1188,5,6143,194,1.0,0.0,0.0,0.0,0.15,0.05
297,1194,5,6161,195,1.0,0.0,0.0,-0.05,0.15,0.1
298,1199,5,6180,195,1.0,0.0,0.0,-0.05,0.15,0.15
299,1205,5,6201,196,1.0,0.0,0.0,-0.05,0.15,0.1
300,1210,5,6212,196,1.0,0.0,0.0,-0.05,0.15,0.3
301,1216,5,6229,197,1.0,0.0,0.0,0.0,0.15,0.25
302,1221,5,6245,198,1.0,0.0,0.0,0.0,0.15,0.25
303,1227,5,6261,198,1.0,0.0,0.0,0.0,0.15,0.25
304,1232,5,6280,199,1.0,0.0,0.0,0.05,0.15,0.2
305,1238,5,6291,199,1.0,0.0,0.0,0.05,0.15,0.25
306,1243,5,6309,199,1.0,0.0,0.0,0.05,0.15,0.15
307,1249,5,6319,200,1.0,0.0,0.0,0.05,0.1,0.25
308,1254,5,6336,200,1.0,0.0,0.0,0.05,0.1,0.15
309,1260,5,6346,201,1.0,0.0,0.0,0.05,0.1,0.2
310,1265,5,6361,201,1.0,0.0,0.0,0.05,0.1,0.15
311,1271,5,6376,202,1.0,0.0,0.0,0.05,0.1,0.15
312,1277,5,6386,202,1.0,0.0,0.0,0.05,0.1,0.15
313,1282,5,6401,202,1.0,0.0,0.0,0.05,0.1,0.1
314,1288,5,6410,203,1.0,0.0,0.0,0.05,0.1,0.15
315,1293,5,6420,203,1.0,0.0,0.0,0.0,0.1,0.15
316,1299,5,6430,203,1.0,0.0,0.0,0.0,0.1,0.1
317,1305,5,6444,204,1.0,0.0,0.0,0.0,0.1,0.0
318,1310,5,6460,204,1.0,0.0,0.0,0.0,0.1,-0.05
319,1316,5,6467,204,1.0,0.0,0.0,0.0,0.1,0.0
320,1322,5,6480,205,1.0,0.0,0.0,0.0,0.1,-0.05
321,1327,5,6486,205,1.0,0.0,0.0,0.0,0.1,0.05
322,1333,5,6494,205,1.0,0.0,0.0,0.0,0.1,0.0
323,1339,5,6507,206,1.0,0.0,0.0,0.0,0.1,0.0
324,1345,5,6513,206,1.0,0.0,0.0,0.0,0.1,0.0
325,1350,5,6528,206,1.0,0.0,0.0,0.0,0.1,-0.05
326,1356,5,6533,207,1.0,0.0,0.0,0.0,0.1,0.05
327,1362,5,6546,207,1.0,0.0,0.0,0.0,0.1,0.0
328,1368,5,6556,207,1.0,0.0,0.0,0.0,0.1,0.0
329,1373,5,6564,207,1.0,0.0,0.0,0.0,0.1,0.05
330,1379,5,6569,208,1.0,0.0,0.0,0.05,0.1,0.05
331,1385,5,6583,208,1.0,0.0,0.0,0.05,0.1,-0.05
332,1391,5,6583,208,1.0,0.0,0.0,0.05,0.1,0.1
333,1396,5,6605,209,1.0,0.0,0.0,0.05,0.1,-0.05
334,1402,5,6610,209,1.0,0.0,0.0,0.05,0.1,0.0
335,1408,5,6616,209,1.0,0.0,0.0,0.05,0.1,0.05
336,1414,5,6636,210,1.0,0.0,0.0,0.05,0.05,-0.1
337,1420,5,6634,210,1.0,0.0,0.0,0.05,0.1,0.05
338,1426,5,6648,210,1.0,0.0,0.0,0.05,0.1,-0.05
339,1431,5,6652,210,1.0,0.0,0.0,0.05,0.1,0.05
340,1437,5,6661,211,1.0,0.0,0.0,0.05,0.1,0.0
341,1443,5,6674,211,1.0,0.0,0.0,0.05,0.1,0.0
342,1449,5,6681,211,1.0,0.0,0.0,0.05,0.1,0.0
343,1455,5,6690,212,1.0,0.0,0.0,0.05,0.1,0.0
344,1461,5,6698,212,1.0,0.0,0.0,0.05,0.1,0.0
345,1467,5,6704,212,1.0,0.0,0.0,0.05,0.1,0.0
346,1472,5,6712,212,1.0,0.0,0.0,0.05,0.1,0.0
347,1478,5,6721,213,1.0,0.0,0.0,0.05,0.05,0.0
348,1484,5,6727,213,1.0,0.0,0.0,0.05,0.05,0.0
349,1490,5,6738,213,1.0,0.0,0.0,0.1,0.05,0.0
350,1496,5,6744,213,1.0,0.0,0.0,0.1,0.05,0.0
351,1502,5,6753,214,1.0,0.0,0.0,0.1,0.05,0.0
352,1508,5,6762,214,1.0,0.0,0.0,0.1,0.05,0.0
353,1514,5,6770,214,1.0,0.0,0.0,0.1,0.05,0.0
354,1520,5,6781,214,1.0,0.0,0.0,0.1,0.05,-0.05
355,1526,5,6785,215,1.0,0.0,0.0,0.1,0.05,0.05
356,1532,5,6790,215,1.0,0.0,0.0,0.05,0.05,0.0
357,1538,5,6799,215,1.0,0.0,0.0,0.05,0.05,0.0
358,1544,5,6805,215,1.0,0.0,0.0,0.05,0.05,0.0
359,1550,5,6812,216,1.0,0.0,0.0,0.1,0.05,0.0
360,1556,5,6821,216,1.0,0.0,0.0,0.1,0.05,0.0
361,1562,5,6829,216,1.0,0.0,0.0,0.1,0.05,0.0
362,1568,5,6836,216,1.0,0.0,0.0,0.1,0.05,0.0
363,1574,5,6846,217,1.0,0.0,0.0,0.1,0.05,-0.05
364,1580,5,6851,217,1.0,0.0,0.0,0.1,0.05,0.05
365,1586,5,6861,217,1.0,0.0,0.0,0.1,0.05,-0.05
366,1592,5,6866,217,1.0,0.0,0.0,0.1,0.05,0.05
367,1598,5,6869,217,1.0,0.0,0.0,0.1,0.05,0.05
368,1604,5,6876,218,1.0,0.0,0.0,0.1,0.05,0.0
369,1610,5,6885,218,1.0,0.0,0.0,0.1,0.05,0.0
370,1616,5,6890,218,1.0,0.0,0.0,0.1,0.05,0.0
371,1622,5,6897,218,1.0,0.0,0.0,0.1,0.05,0.0
372,1628,5,6910,219,1.0,0.0,0.0,0.1,0.05,-0.05
373,1634,5,6910,219,1.0,0.0,0.0,0.1,0.05,0.05
374,1640,5,6923,219,1.0,0.0,0.0,0.1,0.05,0.0
375,1646,5,6926,219,1.0,0.0,0.0,0.1,0.05,0.0
376,1652,5,6933,219,1.0,0.0,0.0,0.05,0.05,0.0
377,1659,5,6936,220,1.0,0.0,0.0,0.05,0.05,0.05
378,1665,5,6945,220,1.0,0.0,0.0,0.05,0.05,0.0
379,1671,5,6946,220,1.0,0.0,0.0,0.05,0.05,0.05
380,1677,5,6960,220,1.0,0.0,0.0,0.05,0.05,0.0
381,1683,5,6965,220,1.0,0.0,0.0,0.05,0.05,0.0
382,1689,5,6970,221,1.0,0.0,0.0,0.05,0.05,0.05
383,1695,5,6980,221,1.0,0.0,0.0,0.05,0.05,-0.05
384,1701,5,6981,221,1.0,0.0,0.0,0.05,0.05,0.0
385,1708,5,6988,221,1.0,0.0,0.0,0.05,0.05,0.0
386,1714,5,6995,221,1.0,0.0,0.0,0.05,0.05,0.0
387,1720,5,6999,222,1.0,0.0,0.0,0.0,0.05,0.0
388,1726,5,7002,222,1.0,0.0,0.0,0.0,0.05,0.05
389,1732,5,7013,222,1.0,0.0,0.0,0.0,0.05,0.0
390,1738,5,7017,222,1.0,0.0,0.0,0.0,0.05,0.0
391,1745,5,7023,222,1.0,0.0,0.0,0.0,0.05,0.0
392,1751,5,7028,223,1.0,0.0,0.0,0.0,0.05,0.0
393,1757,5,7036,223,1.0,0.0,0.0,0.0,0.05,-0.05
394,1763,5,7040,223,1.0,0.0,0.0,0.0,0.05,0.0
395,1769,5,7044,223,1.0,0.0,0.0,0.0,0.05,0.0
396,1776,5,7010,223,1.0,0.12748913,0.0,0.0,-0.05,-0.05
397,1782,5,6644,222,0.54776835,0.7236133,0.0,-0.05,-0.75,0.0
398,1788,5,6430,218,0.08111696,0.95611507,0.0,-0.05,-1.15,0.0
399,1794,5,6288,214,0.0,1.0,0.0,-0.05,-1.2,-0.05
400,1800,5,6169,209,0.0,1.0,0.0,-0.05,-1.25,0.0
401,1805,5,6030,205,0.0,1.0,0.0,-0.05,-1.25,-0.05
402,1811,4,5876,201,0.0,1.0,1.0,-0.05,-1.2,0.05
403,1817,4,5567,197,0.0,1.0,0.89999974,-0.05,-1.15,-0.15
404,1822,4,6017,192,0.0,1.0,0.0,0.0,-1.25,-0.05
405,1827,4,6922,187,0.0,1.0,0.0,0.05,-1.35,0.1
406,1832,4,6641,183,0.0,1.0,0.0,0.1,-1.2,-0.1
407,1837,3,6311,179,0.0,1.0,1.0,0.1,-1.1,-0.15
408,1842,3,6179,175,0.0,1.0,0.5999998,0.1,-1.35,0.05
409,1847,3,7213,170,0.0,1.0,0.0,0.05,-1.3,-0.05
410,1852,3,7549,165,0.0,1.0,0.0,0.1,-1.45,0.05
411,1856,3,7545,161,0.0,1.0,0.0,0.15,-1.15,-0.1
412,1861,3,7371,156,0.0,1.0,0.0,0.25,-1.2,0.1
413,1865,3,7025,152,0.0,1.0,0.0,0.35,-1.2,-0.05
414,1869,3,6928,148,0.0,1.0,0.0,0.6,-1.25,0.15
415,1873,3,6643,144,0.0,0.92111087,0.0,0.65,-1.1,0.0
416,1877,3,6502,140,0.0,0.83889526,0.0,0.75,-0.95,-0.1
417,1881,3,6139,137,0.0,0.752224,0.0,0.65,-0.7,-0.25
418,1885,3,6125,134,0.0,0.695552,0.0,0.8,-0.75,-0.15
419,1888,3,6106,131,0.0,0.608896,0.0,1.05,-0.75,0.1
420,1892,3,5840,128,0.0,0.5655604,0.0,0.9,-0.65,-0.1
421,1896,3,5714,125,0.0,0.49944305,0.0,1.0,-0.7,0.0
422,1899,3,5734,123,0.0,0.41167316,0.0,1.1,-0.6,0.05
423,1902,3,5635,120,0.0,0.34999618,0.0,1.05,-0.6,0.0
424,1906,3,5514,117,0.0,0.31444266,0.0,0.9,-0.7,-0.1
425,1909,3,5438,115,0.0,0.27943847,0.0,0.85,-0.7,-0.1
426,1912,3,5334,112,0.0,0.27055773,0.0,1.15,-0.5,0.05
427,1915,3,5221,110,0.0,0.26611733,0.0,1.15,-0.45,0.05
428,1918,3,5084,108,0.0,0.26611733,0.0,1.1,-0.5,0.0
429,1921,3,4954,106,0.0,0.26611733,0.0,1.1,-0.45,-0.05
430,1924,3,4863,104,0.0,0.22667277,0.0,1.15,-0.4,0.0
431,1927,3,4832,102,0.098893724,0.14721905,0.0,1.15,-0.35,0.0
432,1929,3,4897,100,0.4599985,0.08999771,0.0,1.2,-0.15,-0.05
433,1932,3,4993,99,0.7216602,0.019439993,0.0,1.25,0.0,0.0
434,1935,3,5041,99,0.8172274,0.0,0.0,1.25,0.05,0.0
435,1938,3,5035,99,0.82555884,0.0,0.0,1.25,0.1,0.0
436,1940,3,5020,98,0.82555884,0.0,0.0,1.25,0.1,0.0
437,1943,3,5036,98,0.87777525,0.0,0.0,1.25,0.1,0.0
438,1946,3,5046,98,0.96055543,0.0,0.0,1.3,0.1,0.05
439,1948,3,5082,98,1.0,0.0,0.0,1.25,0.15,0.0
440,1951,3,5102,98,1.0,0.0,0.0,1.2,0.2,-0.05
441,1954,3,5095,98,1.0,0.0,0.0,1.2,0.2,0.0
442,1956,3,5097,98,1.0,0.0,0.0,1.25,0.25,0.05
443,1959,3,5116,99,1.0,0.0,0.0,1.25,0.25,0.05
444,1962,3,5135,99,1.0,0.0,0.0,1.25,0.25,0.05
445,1964,3,5151,99,1.0,0.0,0.0,1.25,0.25,0.05
446,1967,3,5168,99,1.0,0.0,0.0,1.25,0.25,0.05
447,1970,3,5184,100,1.0,0.0,0.0,1.25,0.25,0.05
448,1973,3,5223,100,1.0,0.0,0.0,1.2,0.25,0.0
449,1975,3,5202,100,1.0,0.0,0.0,1.3,0.25,0.1
450,1978,3,5284,100,1.0,0.0,0.0,1.15,0.25,-0.05
451,1981,3,5288,101,1.0,0.0,0.0,1.15,0.3,-0.05
452,1984,3,5259,101,1.0,0.0,0.0,1.3,0.25,0.1
453,1987,3,5331,102,1.0,0.0,0.0,1.2,0.25,0.0
454,1989,3,5410,102,1.0,0.0,0.0,1.0,0.3,-0.15
455,1992,3,5350,103,1.0,0.0,0.0,1.15,0.3,0.0
456,1995,3,5399,103,1.0,0.0,0.0,1.15,0.3,0.0
457,1998,3,5448,104,1.0,0.0,0.0,1.1,0.3,-0.05
458,2001,3,5470,105,1.0,0.0,0.0,1.05,0.3,-0.05
459,2004,3,5515,105,1.0,0.0,0.0,1.0,0.3,-0.05
460,2007,3,5546,106,1.0,0.0,0.0,1.0,0.3,0.0
461,2010,3,5586,107,1.0,0.0,0.0,0.95,0.3,0.0
462,2013,3,5626,108,1.0,0.0,0.0,0.95,0.3,-0.05
463,2016,3,5659,109,1.0,0.0,0.0,0.95,0.3,0.0
464,2019,3,5698,109,1.0,0.0,0.0,0.9,0.3,0.0
465,2022,3,5743,110,1.0,0.0,0.0,0.9,0.3,0.0
466,2025,3,5779,111,1.0,0.0,0.0,0.9,0.3,0.0
467,2028,3,5795,112,1.0,0.0,0.0,1.1,0.3,0.35
468,2031,3,5857,113,1.0,0.0,0.0,0.85,0.3,-0.05
469,2034,3,5903,114,1.0,0.0,0.0,0.8,0.35,0.1
470,2037,3,5961,115,1.0,0.0,0.0,0.65,0.25,-0.15
471,2040,3,5961,116,1.0,0.0,0.0,0.6,0.35,0.2
472,2044,3,6033,117,1.0,0.0,0.0,0.4,0.3,-0.15
473,2047,3,6050,118,1.0,0.0,0.0,0.35,0.35,0.15
474,2050,3,6140,119,1.0,0.0,0.0,0.15,0.3,-0.15
475,2054,3,6152,120,1.0,0.0,0.0,0.05,0.3,0.0
476,2057,3,6236,121,1.0,0.0,0.0,-0.05,0.3,0.0
477,2060,3,6273,122,1.0,0.0,0.0,-0.1,0.3,0.1
478,2064,3,6324,123,1.0,0.0,0.0,-0.1,0.3,0.0
479,2067,3,6374,124,1.0,0.0,0.0,-0.15,0.3,0.0
480,2071,3,6422,125,1.0,0.0,0.0,-0.15,0.25,0.0
481,2074,3,6471,126,1.0,0.0,0.0,-0.2,0.3,-0.05
482,2078,3,6522,127,1.0,0.0,0.0,-0.2,0.25,0.0
483,2081,3,6568,128,1.0,0.0,0.0,-0.2,0.25,0.0
484,2085,3,6615,129,1.0,0.0,0.0,-0.2,0.25,0.0
485,2088,3,6657,130,1.0,0.0,0.0,-0.2,0.25,0.0
486,2092,3,6694,131,1.0,0.0,0.0,-0.2,0.3,0.05
487,2095,3,6764,131,1.0,0.0,0.0,-0.2,0.3,0.15
488,2099,3,6792,132,1.0,0.0,0.0,-0.25,0.25,0.05
489,2103,3,6847,133,1.0,0.0,0.0,-0.25,0.25,0.0
490,2106,3,6878,134,1.0,0.0,0.0,-0.25,0.25,0.0
491,2110,3,6934,135,1.0,0.0,0.0,-0.3,0.25,0.0
492,2114,3,6965,136,1.0,0.0,0.0,-0.35,0.25,0.0
493,2118,3,7008,137,1.0,0.0,0.0,-0.35,0.25,0.0
494,2121,3,7047,137,1.0,0.0,0.0,-0.4,0.25,0.05
495,2125,3,7091,138,1.0,0.0,0.0,-0.4,0.25,-0.05
496,2129,3,7116,139,1.0,0.009719997,0.0,-0.4,0.2,0.05
497,2133,3,7130,139,1.0,0.061387043,0.0,-0.45,0.15,0.0
498,2137,3,7063,140,0.9780575,0.24638742,0.0,-0.35,0.0,-0.15
499,2141,3,6750,139,0.3191577,0.5652705,0.0,-0.25,-0.55,-0.05
500,2145,3,6572,136,0.0,0.6652781,0.0,0.05,-0.9,0.1
501,2148,3,6391,133,0.0,0.70833904,0.0,0.35,-0.95,0.1
502,2152,3,6176,130,0.0,0.70833904,0.0,0.6,-0.95,0.0
503,2155,3,5959,127,0.0,0.70833904,0.0,0.7,-0.8,-0.15
504,2159,3,5847,124,0.0,0.6325017,0.0,0.8,-0.7,-0.15
505,2162,3,5758,121,0.0,0.5458305,0.0,1.15,-0.7,0.2
506,2166,3,5657,119,0.0,0.39610896,0.0,0.85,-0.5,-0.25
507,2169,3,5619,117,0.05055314,0.32555124,0.0,1.15,-0.45,0.0
508,2172,3,5551,115,0.098893724,0.22667277,0.0,1.4,-0.35,0.2
509,2175,3,5461,113,0.11665522,0.171664,0.0,1.15,-0.3,-0.05
510,2178,3,5424,111,0.25305563,0.14055085,0.0,1.1,-0.2,-0.1
511,2182,3,5411,110,0.31888303,0.107774474,0.0,1.1,-0.15,-0.1
512,2185,3,5437,109,0.48194095,0.06582742,0.0,1.1,-0.05,-0.1
513,2188,3,5467,109,0.55887693,0.023895629,0.0,1.1,0.05,-0.1
514,2191,3,5500,108,0.64138246,0.0,0.0,1.1,0.1,-0.1
515,2194,3,5508,108,0.7063859,0.0,0.0,1.1,0.15,-0.1
516,2197,3,5510,108,0.73444724,0.0,0.0,1.2,0.15,-0.05
517,2200,3,5516,108,0.7649958,0.0,0.0,1.2,0.15,-0.05
518,2203,3,5525,107,0.81499964,0.0,0.0,1.2,0.2,-0.05
519,2206,3,5519,107,0.82139313,0.0,0.0,1.3,0.2,0.0
520,2209,3,5502,107,0.8538949,0.0,0.0,1.4,0.2,0.1
521,2212,3,5507,107,0.8691692,0.0,0.0,1.45,0.2,0.15
522,2215,3,5525,107,0.87777525,0.0,0.0,1.4,0.2,0.1
523,2218,3,5522,107,0.88667125,0.0,0.0,1.4,0.2,0.1
524,2221,3,5426,107,0.90611124,0.0,0.0,1.7,0.25,0.45
525,2224,3,5535,107,0.9366598,0.0,0.0,1.45,0.2,0.2
526,2227,3,5560,107,0.94277865,0.0,0.0,1.4,0.25,0.2
527,2230,3,5526,107,0.94277865,0.0,0.0,1.4,0.25,0.3
528,2233,3,5585,107,0.94277865,0.0,0.0,1.25,0.2,0.05
529,2236,3,5673,107,0.94277865,0.0,0.0,1.0,0.2,-0.2
530,2239,3,5730,107,0.95165944,0.0,0.0,1.4,0.3,0.25
531,2242,3,5580,107,0.95165944,0.0,0.0,1.45,0.2,0.25
532,2245,3,5588,108,0.95165944,0.0,0.0,1.2,0.2,0.0
533,2248,3,5619,108,0.96472114,0.0,0.0,1.3,0.2,0.1
534,2251,3,5721,108,1.0,0.0,0.0,1.2,0.25,0.0
535,2254,3,5742,109,1.0,0.0,0.0,1.2,0.3,0.0
536,2257,3,5760,109,1.0,0.0,0.0,1.15,0.3,0.0
537,2260,3,5785,110,1.0,0.0,0.0,1.1,0.3,-0.05
538,2263,3,5823,110,1.0,0.0,0.0,1.05,0.3,-0.1
539,2267,3,5866,111,1.0,0.0,0.0,0.95,0.35,-0.15
540,2270,3,5850,112,1.0,0.0,0.0,1.0,0.35,-0.1
541,2273,3,5865,112,1.0,0.0,0.0,0.95,0.35,-0.05
542,2276,3,5868,113,1.0,0.0,0.0,0.8,0.35,-0.05
543,2279,3,5895,114,1.0,0.0,0.0,0.6,0.35,0.0
544,2282,3,5940,115,1.0,0.0,0.0,0.2,0.3,0.0
545,2285,3,6003,116,1.0,0.0,0.0,-0.25,0.3,0.05
546,2289,3,6081,117,1.0,0.0,0.0,-0.6,0.25,0.0
547,2292,3,6155,118,1.0,0.0,0.0,-0.8,0.25,0.0
548,2295,3,6227,119,1.0,0.0,0.0,-0.8,0.25,0.15
549,2299,3,6183,120,1.0,0.0,0.0,-0.8,0.25,0.15
550,2302,3,6234,120,1.0,0.0,0.0,-0.85,0.3,0.0
551,2305,3,6407,121,1.0,0.0,0.0,-0.9,0.25,0.2
552,2309,3,6507,121,1.0,0.0,0.0,-0.6,0.15,-0.35
553,2312,3,6591,122,1.0,0.0,0.0,-0.65,0.15,-0.15
554,2316,3,6719,122,1.0,0.0,0.0,-0.55,0.2,-0.35
555,2319,3,6458,123,1.0,0.0,0.0,-1.15,0.4,0.2
556,2323,3,6311,123,1.0,0.0,0.0,-1.75,0.3,0.75
557,2326,3,6410,123,1.0,0.0,0.0,-1.35,0.25,0.15
558,2330,3,6307,123,1.0,0.0,0.0,-1.7,0.2,0.6
559,2333,3,6386,123,1.0,0.0,0.0,-1.3,0.2,0.15
560,2337,3,6383,124,1.0,0.0,0.0,-1.3,0.2,0.25
561,2340,3,6431,124,1.0,0.0,0.0,-1.15,0.2,0.1
562,2344,3,6480,124,1.0,0.0,0.0,-1.0,0.2,-0.05
563,2347,3,6477,125,1.0,0.0,0.0,-1.0,0.2,0.0
564,2351,3,6517,125,1.0,0.0,0.0,-1.0,0.2,0.0
565,2355,3,6506,126,1.0,0.0,0.0,-1.0,0.2,0.05
566,2358,3,6544,126,1.0,0.0,0.0,-0.95,0.2,0.0
567,2362,3,6559,127,1.0,0.0,0.0,-0.95,0.2,0.05
568,2365,3,6595,127,1.0,0.0,0.0,-0.85,0.2,-0.1
569,2369,3,6589,127,1.0,0.0,0.0,-1.0,0.2,0.2
570,2372,3,6559,128,1.0,0.0,0.0,-1.05,0.25,0.15
571,2376,3,6649,128,1.0,0.0,0.0,-0.9,0.25,0.05
572,2380,3,6665,129,1.0,0.0,0.0,-0.95,0.25,0.1
573,2383,3,6720,129,1.0,0.0,0.0,-0.8,0.15,-0.05
574,2387,3,6692,130,1.0,0.0,0.0,-0.85,0.2,0.05
575,2390,3,6726,131,1.0,0.0,0.0,-0.75,0.2,0.05
576,2394,3,6747,131,1.0,0.0,0.0,-0.7,0.2,0.0
577,2398,3,6777,132,1.0,0.0,0.0,-0.65,0.2,0.05
578,2401,3,6805,132,1.0,0.0,0.0,-0.55,0.2,0.0
579,2405,3,6867,133,1.0,0.0,0.0,-0.5,0.2,0.0
580,2409,3,6887,134,1.0,0.0,0.0,-0.4,0.15,-0.15
581,2412,3,6897,134,1.0,0.0,0.0,-0.35,0.15,-0.1
582,2416,3,6930,135,1.0,0.0,0.0,-0.35,0.2,0.1
583,2420,3,6957,136,1.0,0.0,0.0,-0.3,0.2,0.05
584,2424,3,6988,136,1.0,0.0,0.0,-0.3,0.15,-0.05
585,2428,3,7018,137,1.0,0.0,0.0,-0.3,0.2,0.0
586,2431,3,7071,137,1.0,0.0,0.0,-0.25,0.2,0.1
587,2435,3,7086,138,1.0,0.0,0.0,-0.3,0.15,0.05
588,2439,3,7124,139,1.0,0.0,0.0,-0.3,0.2,-0.1
589,2443,3,7149,139,1.0,0.0,0.0,-0.3,0.15,-0.05
590,2447,3,7181,140,1.0,0.0,0.0,-0.3,0.15,-0.1
591,2451,4,7478,140,1.0,0.0,1.0,-0.3,-0.15,-0.05
592,2455,4,7460,140,1.0,0.0,0.7999998,-0.3,-0.05,-0.1
593,2459,4,6946,140,1.0,0.0,0.0,-0.3,0.25,-0.05
594,2463,4,6137,141,1.0,0.0,0.0,-0.25,0.3,-0.1
595,2466,4,5595,142,1.0,0.0,0.0,-0.25,0.2,-0.1
596,2470,4,5651,143,1.0,0.0,0.0,-0.25,0.2,-0.15
597,2474,4,5671,143,1.0,0.0,0.0,-0.25,0.2,-0.15
598,2478,4,5699,144,1.0,0.0,0.0,-0.2,0.2,-0.2
599,2483,4,5741,145,1.0,0.0,0.0,-0.2,0.2,-0.2
600,2487,4,5746,145,1.0,0.0,0.0,-0.2,0.2,-0.15
601,2491,4,5779,146,1.0,0.0,0.0,-0.2,0.2,-0.15
602,2495,4,5805,147,1.0,0.0,0.0,-0.2,0.2,-0.15
603,2499,4,5828,147,1.0,0.0,0.0,-0.2,0.2,-0.15
604,2503,4,5854,148,1.0,0.0,0.0,-0.2,0.2,-0.1
605,2507,4,5889,149,1.0,0.0,0.0,-0.2,0.2,-0.2
606,2511,4,5914,150,1.0,0.0,0.0,-0.2,0.2,-0.1
607,2516,4,5934,150,1.0,0.0,0.0,-0.25,0.2,-0.05
608,2520,4,5967,151,1.0,0.0,0.0,-0.25,0.2,-0.1
609,2524,4,6001,152,1.0,0.0,0.0,-0.25,0.2,-0.15
610,2528,4,6030,152,1.0,0.0,0.0,-0.3,0.2,-0.2
611,2532,4,6050,153,1.0,0.0,0.0,-0.3,0.2,-0.15
612,2537,4,6081,154,1.0,0.0,0.0,-0.3,0.2,-0.2
613,2541,4,6115,155,1.0,0.0,0.0,-0.35,0.2,-0.15
614,2545,4,6136,155,1.0,0.0,0.0,-0.35,0.2,-0.15
615,2550,4,6163,156,1.0,0.0,0.0,-0.3,0.2,-0.15
616,2554,4,6197,157,1.0,0.0,0.0,-0.3,0.2,-0.15
617,2559,4,6222,158,1.0,0.0,0.0,-0.3,0.2,-0.1
618,2563,4,6250,158,1.0,0.0,0.0,-0.3,0.2,-0.1
619,2567,4,6278,159,1.0,0.0,0.0,-0.25,0.25,-0.15
620,2572,4,6308,160,1.0,0.0,0.0,-0.25,0.2,-0.1
621,2576,4,6337,161,1.0,0.0,0.0,-0.25,0.2,-0.1
622,2581,4,6365,161,1.0,0.0,0.0,-0.2,0.2,-0.1
623,2585,4,6393,162,1.0,0.0,0.0,-0.2,0.2,-0.05
624,2590,4,6426,163,1.0,0.0,0.0,-0.2,0.2,-0.1
625,2594,4,6453,164,1.0,0.0,0.0,-0.15,0.2,-0.05
626,2599,4,6482,164,1.0,0.0,0.0,-0.15,0.2,-0.05
627,2603,4,6512,165,1.0,0.0,0.0,-0.1,0.2,-0.05
628,2608,4,6539,166,1.0,0.0,0.0,-0.1,0.2,-0.05
629,2613,4,6572,167,1.0,0.0,0.0,-0.05,0.2,-0.05
630,2617,4,6591,168,1.0,0.026108187,0.0,0.0,0.2,0.0
631,2622,4,6580,168,1.0,0.10331884,0.0,0.0,0.1,0.0
632,2627,4,6456,168,0.9780575,0.4205539,0.0,0.05,-0.15,0.0
633,2631,4,6092,166,0.36110476,0.8519417,0.0,0.05,-0.8,-0.2
634,2636,4,5868,163,0.0,1.0,0.0,0.1,-1.1,0.05
635,2640,3,5634,159,0.0,1.0,1.0,0.15,-1.1,0.1
636,2645,3,6014,155,0.0,1.0,0.29999983,0.15,-1.3,-0.05
637,2649,3,6569,150,0.0,1.0,0.0,0.15,-1.15,-0.1
638,2653,3,6742,146,0.0,1.0,0.0,0.25,-1.1,-0.2
639,2657,3,6671,142,0.0,1.0,0.0,0.45,-1.1,-0.1
640,2661,3,6529,138,0.0,0.91248953,0.0,0.6,-1.0,0.0
641,2665,3,6337,135,0.0,0.8280461,0.0,0.7,-0.95,0.05
642,2668,3,6146,131,0.0,0.7499962,0.0,0.8,-0.95,0.1
643,2672,3,5953,128,0.0,0.7324941,0.0,0.85,-0.9,0.05
644,2675,3,5882,125,0.0,0.69332415,0.0,0.85,-0.75,-0.15
645,2679,3,5831,122,0.0,0.552224,0.0,1.15,-0.7,0.25
646,2682,3,5720,120,0.0,0.4313878,0.0,1.1,-0.6,0.1
647,2686,3,5646,117,0.08360418,0.3741665,0.0,1.1,-0.5,0.05
648,2689,3,5684,116,0.44916457,0.27943847,0.0,1.15,-0.3,0.05
649,2692,3,5634,114,0.53943694,0.27055773,0.0,1.15,-0.2,0.0
650,2695,3,5537,113,0.438056,0.26611733,0.0,1.15,-0.2,0.0
651,2698,3,5431,112,0.36333257,0.26611733,0.0,1.2,-0.25,0.0
652,2702,3,5370,110,0.36333257,0.24222171,0.0,1.35,-0.3,0.15
653,2705,3,5304,109,0.39833677,0.22444496,0.0,1.2,-0.2,0.0
654,2708,3,5275,108,0.43361562,0.16945145,0.0,1.35,-0.2,0.1
655,2711,3,5277,107,0.5019455,0.12332342,0.0,1.45,-0.15,0.25
656,2714,3,5276,106,0.52416265,0.07222095,0.0,1.2,-0.05,0.0
657,2717,3,5247,105,0.57610434,0.04165713,0.0,1.4,-0.05,0.15
658,2720,3,5277,105,0.6369421,0.0011139086,0.0,1.5,0.0,0.3
659,2723,3,5330,104,0.81499964,0.0,0.0,1.4,0.1,0.15
660,2726,3,5387,104,0.99972534,0.0,0.0,1.4,0.15,0.15
661,2729,3,5427,104,1.0,0.0,0.0,1.35,0.2,0.1
662,2732,3,5426,105,1.0,0.0,0.0,1.4,0.25,0.15
663,2735,3,5437,105,1.0,0.0,0.0,1.4,0.2,0.2
664,2738,3,5465,105,1.0,0.0,0.0,1.4,0.25,0.15
665,2741,3,5469,105,1.0,0.0,0.0,1.35,0.25,0.15
666,2744,3,5441,105,1.0,0.0,0.0,1.45,0.25,0.2
667,2747,3,5463,105,1.0,0.0,0.0,1.5,0.25,0.2
668,2750,3,5478,105,1.0,0.0,0.0,1.45,0.25,0.2
669,2753,3,5520,105,1.0,0.0,0.0,1.35,0.25,0.1
670,2756,3,5539,106,1.0,0.0,0.0,1.35,0.25,0.1
671,2759,3,5547,106,1.0,0.0,0.0,1.35,0.25,0.1
672,2762,3,5590,106,1.0,0.0,0.0,1.25,0.25,0.05
673,2765,3,5583,107,1.0,0.0,0.0,1.25,0.3,0.05
674,2768,3,5610,107,1.0,0.0,0.0,1.2,0.3,0.0
675,2771,3,5657,107,1.0,0.0,0.0,1.15,0.3,0.0
676,2774,3,5689,108,1.0,0.0,0.0,1.1,0.3,-0.05
677,2776,3,5731,109,1.0,0.0,0.0,1.1,0.3,-0.05
678,2779,3,5750,109,1.0,0.0,0.0,1.05,0.3,-0.05
679,2782,3,5815,110,1.0,0.0,0.0,1.0,0.3,-0.1
680,2785,3,5828,111,1.0,0.0,0.0,1.05,0.3,-0.05
681,2788,3,5869,111,1.0,0.0,0.0,1.0,0.3,-0.1
682,2791,3,5871,112,1.0,0.0,0.0,1.05,0.3,-0.05
683,2794,3,5912,113,1.0,0.0,0.0,1.15,0.3,0.1
684,2797,3,5972,113,1.0,0.0,0.0,0.95,0.25,-0.1
685,2801,3,5852,114,1.0,0.0,0.0,1.2,0.3,0.25
686,2804,3,6022,115,1.0,0.0,0.0,0.95,0.3,0.0
687,2807,3,6035,115,1.0,0.0,0.0,0.95,0.25,-0.05
688,2810,3,6012,116,1.0,0.0,0.0,1.05,0.3,0.15
689,2813,3,6067,117,1.0,0.0,0.0,1.05,0.35,0.15
690,2816,3,6139,117,1.0,0.0,0.0,1.0,0.2,0.05
691,2819,3,6138,118,1.0,0.0,0.0,0.85,0.3,-0.1
692,2823,3,6207,119,1.0,0.0,0.0,0.8,0.3,-0.05
693,2826,3,6249,120,1.0,0.0,0.0,0.75,0.25,-0.15
694,2829,3,6224,120,1.0,0.0,0.0,0.85,0.3,0.1
695,2832,3,6219,121,1.0,0.0,0.0,0.8,0.3,0.05
696,2836,3,6316,122,1.0,0.0,0.0,0.75,0.3,0.05
697,2839,3,6339,123,1.0,0.0,0.0,0.6,0.25,-0.1
698,2842,3,6387,124,1.0,0.0,0.0,0.5,0.3,0.0
699,2846,3,6421,125,1.0,0.0,0.0,0.4,0.3,0.0
700,2849,3,6464,126,1.0,0.0,0.0,0.25,0.3,0.05
701,2853,3,6519,127,1.0,0.0,0.0,0.15,0.3,0.0
702,2856,3,6569,128,1.0,0.0,0.0,0.0,0.25,-0.05
703,2860,3,6610,129,1.0,0.0,0.0,-0.1,0.25,0.0
704,2863,3,6663,130,1.0,0.0,0.0,-0.15,0.25,-0.05
705,2867,3,6705,130,1.0,0.0,0.0,-0.25,0.25,0.05
706,2871,3,6751,131,1.0,0.0,0.0,-0.3,0.25,0.0
707,2874,3,6795,132,1.0,0.0,0.0,-0.35,0.25,0.0
708,2878,3,6846,133,1.0,0.0,0.0,-0.4,0.25,0.0
709,2882,3,6877,134,1.0,0.0,0.0,-0.4,0.25,0.0
710,2886,3,6922,135,1.0,0.0,0.0,-0.45,0.25,0.0
711,2889,3,6959,136,1.0,0.0,0.0,-0.45,0.25,-0.05
712,2893,3,7015,136,1.0,0.0,0.0,-0.55,0.2,0.1
713,2897,3,7053,137,1.0,0.0,0.0,-0.5,0.2,-0.15
714,2901,3,7089,138,1.0,0.0,0.0,-0.55,0.2,-0.2
715,2905,3,7092,138,1.0,0.08111696,0.0,-0.6,0.1,0.0
716,2908,3,6977,139,0.8733349,0.27943847,0.0,-0.7,-0.05,-0.15
717,2912,3,6645,137,0.31888303,0.3938964,0.0,-0.8,-0.4,-0.15
718,2916,3,6516,135,0.22221714,0.4072175,0.0,-0.85,-0.5,-0.1
719,2920,3,6353,133,0.07222095,0.4072175,0.0,-1.0,-0.6,-0.05
720,2923,3,6280,131,0.12555124,0.34111544,0.0,-1.1,-0.55,0.0
721,2927,3,6228,129,0.20444037,0.22221714,0.0,-1.2,-0.4,0.05
722,2931,3,6242,128,0.29277486,0.15165941,0.0,-1.05,-0.2,-0.1
723,2934,3,6272,127,0.39833677,0.08111696,0.0,-1.05,-0.15,-0.1
724,2938,3,6262,126,0.45111772,0.054993514,0.0,-1.2,-0.05,0.0
725,2941,3,6240,125,0.45111772,0.032776378,0.0,-1.4,-0.05,0.2
726,2944,3,6205,124,0.45111772,0.019439993,0.0,-1.05,0.0,-0.15
727,2948,3,6147,123,0.45111772,0.019439993,0.0,-1.35,-0.05,0.15
728,2951,3,6128,123,0.45111772,0.019439993,0.0,-1.15,0.0,-0.05
729,2955,3,6058,122,0.45111772,0.019439993,0.0,-1.15,0.0,-0.05
730,2958,3,6005,121,0.41611353,0.019439993,0.0,-1.2,0.0,-0.05
731,2961,3,5945,120,0.41611353,0.019439993,0.0,-1.2,-0.05,0.0
732,2965,3,5904,119,0.41611353,0.019439993,0.0,-1.15,-0.05,-0.05
733,2968,3,5865,119,0.41611353,0.019439993,0.0,-1.15,-0.05,-0.1
734,2971,3,5857,118,0.41611353,0.0,0.0,-0.95,0.0,-0.2
735,2975,3,5832,117,0.46443886,0.0,0.0,-1.1,0.0,-0.1
736,2978,3,5846,117,0.49944305,0.0,0.0,-1.0,0.05,-0.2
737,2981,3,5841,116,0.54389256,0.0,0.0,-1.1,0.05,-0.1
738,2984,3,5848,116,0.647776,0.0,0.0,-1.2,0.1,-0.05
739,2988,3,5897,115,0.8127718,0.0,0.0,-1.25,0.15,0.0
740,2991,3,5948,115,1.0,0.0,0.0,-1.4,0.2,0.15
741,2994,3,5976,115,1.0,0.0,0.0,-1.35,0.25,0.15
742,2997,3,5931,115,1.0,0.0,0.0,-1.55,0.25,0.3
743,3000,3,5923,115,1.0,0.0,0.0,-1.6,0.25,0.35
744,3004,3,5926,115,1.0,0.0,0.0,-1.6,0.2,0.4
745,3007,3,5922,115,1.0,0.0,0.0,-1.55,0.2,0.3
746,3010,3,5969,115,1.0,0.0,0.0,-1.4,0.2,0.2
747,3013,3,5942,115,1.0,0.0,0.0,-1.5,0.2,0.3
748,3016,3,5990,115,1.0,0.0,0.0,-1.35,0.2,0.2
749,3019,3,6035,115,1.0,0.0,0.0,-1.25,0.2,0.05
750,3022,3,6043,115,1.0,0.0,0.0,-1.2,0.2,0.05
751,3026,3,6113,115,1.0,0.0,0.0,-1.1,0.2,-0.05
752,3029,3,6116,116,1.0,0.0,0.0,-1.1,0.2,0.0
753,3032,3,6141,116,1.0,0.0,0.0,-1.05,0.25,-0.05
754,3035,3,6166,116,1.0,0.0,0.0,-1.05,0.2,-0.05
755,3038,3,6157,116,1.0,0.0,0.0,-1.05,0.25,-0.05
756,3041,3,6166,117,1.0,0.0,0.0,-1.1,0.2,0.0
757,3045,3,6110,117,1.0,0.0,0.0,-1.15,0.25,0.05
758,3048,3,6139,117,1.0,0.0,0.0,-1.1,0.25,0.0
759,3051,3,6197,117,1.0,0.0,0.0,-1.25,0.05,0.25
760,3054,3,6978,117,1.0,0.0,0.0,-0.45,0.25,-0.4
761,3057,3,6440,118,1.0,0.0,0.0,-0.65,0.2,0.45
762,3061,3,6179,118,1.0,0.0,0.0,-0.75,0.3,0.95
763,3064,3,6349,119,1.0,0.0,0.0,-0.25,0.2,0.1
764,3067,3,6457,120,1.0,0.0,0.0,-0.15,0.2,-0.3
765,3070,3,6366,120,1.0,0.0,0.0,0.05,0.1,-0.2
766,3074,3,6403,121,1.0,0.0,0.0,0.1,0.25,0.05
767,3077,3,6529,122,1.0,0.0,0.0,0.1,0.25,-0.15
768,3081,3,6668,122,1.0,0.0,0.0,0.15,0.2,-0.25
769,3084,3,6370,123,1.0,0.0,0.0,0.85,0.15,0.35
770,3087,3,6494,123,1.0,0.0,0.0,0.6,0.15,-0.25
771,3091,3,6474,124,1.0,0.0,0.0,1.0,0.2,-0.05
772,3094,3,6513,124,1.0,0.0,0.0,0.95,0.2,-0.1
773,3098,3,6530,124,1.0,0.0,0.0,1.0,0.2,-0.05
774,3101,3,6508,124,1.0,0.0,0.0,1.0,0.15,-0.05
775,3105,3,6467,125,1.0,0.0,0.0,1.1,0.2,0.0
776,3108,3,6461,125,1.0,0.0,0.0,0.95,0.2,-0.1
777,3112,3,6516,125,1.0,0.0,0.0,0.9,0.25,-0.1
778,3115,3,6481,126,1.0,0.0,0.0,0.95,0.2,-0.05
779,3119,3,6572,126,1.0,0.0,0.0,0.85,0.15,-0.15
780,3122,3,6565,126,1.0,0.0,0.0,0.85,0.2,-0.05
781,3126,3,6549,127,1.0,0.0,0.0,0.9,0.2,0.1
782,3129,3,6608,127,1.0,0.0,0.0,0.8,0.2,0.0
783,3133,3,6607,128,1.0,0.0,0.0,0.8,0.2,-0.05
784,3136,3,6644,128,1.0,0.0,0.0,0.75,0.2,-0.1
785,3140,3,6679,129,1.0,0.0,0.0,0.75,0.2,-0.05
786,3144,3,6698,130,1.0,0.0,0.0,0.7,0.2,-0.1
787,3147,3,6721,130,1.0,0.0,0.0,0.65,0.2,-0.15
788,3151,3,6768,131,1.0,0.0,0.0,0.55,0.2,-0.2
789,3155,3,6771,131,1.0,0.0,0.0,0.5,0.2,-0.15
790,3158,3,6849,132,1.0,0.0,0.0,0.4,0.2,-0.3
791,3162,3,6854,133,1.0,0.0,0.0,0.4,0.2,-0.2
792,3166,3,6894,134,1.0,0.0,0.0,0.35,0.2,-0.25
793,3169,3,6964,134,1.0,0.0,0.0,0.3,0.2,-0.4
794,3173,3,6981,135,1.0,0.0,0.0,0.3,0.25,-0.35
795,3177,3,7031,136,1.0,0.0,0.0,0.3,0.25,-0.35
796,3181,3,7002,137,1.0,0.0,0.0,0.35,0.25,0.05
797,3185,3,7057,137,1.0,0.0,0.0,0.35,0.25,0.1
798,3188,4,7479,137,1.0,0.0,1.0,0.3,-0.05,0.0
799,3192,4,7327,138,1.0,0.0,0.19999984,0.3,0.25,0.05
800,3196,4,6440,139,1.0,0.0,0.0,0.25,0.3,0.0
801,3200,4,5759,140,1.0,0.0,0.0,0.25,0.3,0.0
802,3204,4,5559,141,1.0,0.0,0.0,0.25,0.2,-0.05
803,3208,4,5585,141,1.0,0.0,0.0,0.25,0.25,0.0
804,3212,4,5622,142,1.0,0.0,0.0,0.25,0.25,-0.05
805,3216,4,5653,143,1.0,0.0,0.0,0.2,0.2,-0.05
806,3220,4,5680,144,1.0,0.0,0.0,0.2,0.25,-0.1
807,3224,4,5710,145,1.0,0.0,0.0,0.2,0.25,-0.05
808,3228,4,5750,145,1.0,0.0,0.0,0.2,0.25,-0.1
809,3232,4,5777,146,1.0,0.0,0.0,0.15,0.2,-0.1
810,3236,4,5810,147,1.0,0.0,0.0,0.15,0.25,-0.2
811,3240,4,5836,148,1.0,0.0,0.0,0.15,0.25,-0.1
812,3245,4,5884,149,1.0,0.0,0.0,0.2,0.25,-0.2
813,3249,4,5911,149,1.0,0.0,0.0,0.2,0.25,-0.2
814,3253,4,5950,150,1.0,0.0,0.0,0.25,0.25,-0.25
815,3257,4,5967,151,1.0,0.0,0.0,0.25,0.25,-0.2
816,3262,4,6056,152,1.0,0.0,0.0,0.25,0.25,-0.4
817,3266,4,6063,153,1.0,0.0,0.0,0.3,0.25,-0.3
818,3270,4,6079,154,1.0,0.0,0.0,0.35,0.25,-0.2
819,3275,4,6093,155,1.0,0.0,0.0,0.4,0.25,-0.05
820,3279,4,6120,155,1.0,0.0,0.0,0.4,0.25,0.15
821,3283,4,6197,156,1.0,0.0,0.0,0.3,0.25,-0.25
822,3288,4,6232,157,1.0,0.0,0.0,0.3,0.3,-0.35
823,3292,4,6249,158,1.0,0.0,0.0,0.35,0.25,-0.2
824,3297,4,6265,159,1.0,0.0,0.0,0.35,0.25,-0.1
825,3301,4,6291,160,1.0,0.0,0.0,0.35,0.25,0.0
826,3306,4,6322,161,1.0,0.0,0.0,0.35,0.25,0.25
